-1
15
16
17
18
20
43
44
45
51
53
54
55
56
59
60
61
64
65
66
69
70
71
72
76
77
78
81
83
84
85
86
87
88
89
90
96
97
104
108
109
110
113
116
118
121
122
123
125
126
129
131
132
134
136
137
138
141
142
143
144
145
146
147
148
149
150
151
152
153
154
155
156
157
158
159
160
161
162
163
164
165
171
172
173
174
175
176
177
178
179
180
181
182
183
184
185
187
188
189
190
191
193
194
195
196
197
198
199
200
201
203
204
205
206
207
209
210
211
212
213
214
215
216
217
218
219
220
221
222
223
224
225
226
227
228
229
231
232
233
234
235
236
237
238
239
240
241
242
243
245
247
248
249
250
251
252
253
254
256
257
261
262
264
265
266
268
269
271
272
273
274
276
277
279
280
291
292
293
294
295
297
298
300
302
303
304
305
307
308
309
335
336
337
340
341
343
345
347
350
351
352
353
354
355
356
357
358
359
362
363
364
365
366
367
368
369
370
371
372
373
375
376
378
379
380
381
382
383
384
386
388
391
392
393
394
395
396
397
447
449
450
453
455
456
457
458
459
460
461
462
463
464
465
466
467
468
470
471
472
473
475
476
477
481
483
484
485
486
488
489
490
493
495
496
497
498
499
505
506
508
521
522
523
531
532
533
534
536
537
539
540
541
542
543
544
546
547
549
553
554
555
556
557
558
560
564
566
567
569
570
579
679
682
683
684
685
686
688
690
692
693
694
695
696
697
698
699
700
701
702
703
704
705
707
708
709
710
711
712
713
714
716
717
718
719
720
721
722
723
724
725
726
727
728
729
730
731
732
733
734
735
736
737
757
758
760
781
782
785
786
789
790
791
792
793
794
795
796
799
802
803
811
812
813
814
815
816
817
819
820
821
822
823
824
825
826
827
828
829
830
831
832
833
834
835
836
837
838
839
841
842
843
844
845
847
848
859
861
864
865
866
867
868
869
870
871
872
873
875
876
877
879
880
881
883
884
885
886
887
888
889
890
891
892
894
896
897
898
899
900
901
902
903
904
905
906
907
908
909
910
911
913
914
915
916
917
918
919
920
921
922
923
924
925
926
927
928
929
930
971
972
973
974
975
976
977
978
979
980
981
982
983
984
985
986
987
988
989
990
991
992
993
994
995
996
997
998
999
1000
1001
1002
1003
1004
1005
1006
1007
1008
1009
1010
1011
1012
1013
1014
1016
1017
1018
1019
1020
1021
1022
1023
1024
1025
1026
1027
1028
1029
1030
1031
1032
1033
1034
1035
1036
1037
1038
1039
1040
1041
1042
1044
1046
1047
1048
1049
1050
1051
1052
1053
1054
1055
1056
1057
1058
1059
1060
1061
1062
1064
1065
1068
1069
1070
1071
1072
1073
1074
1075
1076
1077
1078
1079
1080
1081
1082
1083
1084
1085
1086
1087
1088
1089
1090
1091
1092
1093
1094
1095
1096
1097
1098
1100
1101
1102
1103
1104
1105
1106
1107
1109
1121
1123
1124
1131
1132
1133
1134
1135
1136
1137
1138
1139
1140
1142
1144
1147
1148
1149
1150
1151
1152
1153
1154
1156
1157
1158
1159
1160
1161
1162
1163
1164
1165
1166
1167
1168
1169
1170
1171
1172
1173
1174
1176
1177
1179
1180
1181
1183
1184
1185
1186
1187
1188
1189
1190
1191
1192
1193
1195
1196
1198
1199
1200
1201
1202
1203
1204
1205
1206
1207
1208
1209
1210
1211
1212
1213
1214
1215
1216
1217
1218
1219
1220
1221
1223
1224
1225
1226
1227
1228
1229
1230
1231
1232
1236
1237
1238
1239
1241
1243
1244
1245
1246
1248
1249
1250
1251
1252
1253
1254
1255
1256
1257
1258
1259
1260
1261
1262
1263
1280
1300
1301
1302
1303
1304
1305
1306
1307
1308
1309
1310
1311
1312
1314
1315
1316
1317
1319
1320
1342
1343
1344
1345
1346
1348
1349
1350
1352
1353
1354
1356
1357
1358
1359
1360
1361
1362
1363
1364
1368
1369
1370
1371
1372
1373
1374
1375
1376
1377
1378
1379
1380
1382
1383
1384
1385
1386
1387
1389
1390
1459
1460
1462
1463
1464
1465
1466
1467
1471
1472
1473
1474
1475
1476
1477
1478
1480
1481
1482
1484
1485
1507
1508
1509
1510
1511
1512
1513
1514
1515
1516
1517
1518
1519
1520
1521
1522
1523
1524
1525
1526
1527
1528
1529
1530
1531
1532
1533
1534
1535
1536
1537
1539
1540
1541
1542
1543
1544
1545
1546
1547
1548
1549
1552
1553
1554
1555
1556
1557
1559
1560
1561
1562
1563
1566
1567
1569
1570
1572
1574
1576
1577
1579
1580
1581
1582
1583
1584
1585
1586
1587
1588
1589
1590
1591
1592
1593
1594
1595
1596
1597
1598
1599
1601
1602
1603
1604
1605
1606
1607
1608
1609
1611
1612
1613
1615
1617
1619
1620
1623
1624
1625
1626
1627
1629
1631
1632
1633
1635
1636
1637
1638
1639
1640
1641
1642
1643
1645
1647
1648
1649
1650
1651
1652
1653
1654
1656
1657
1658
1671
1672
1674
1676
1678
1679
1680
1681
1682
1683
1684
1685
1686
1687
1688
1690
1691
1695
1696
1698
1699
1701
1702
1703
1704
1705
1706
1708
1709
1710
1713
1715
1716
1717
1718
1731
1732
1733
1734
1735
1736
1737
1738
1739
1740
1741
1742
1763
1764
1765
1767
1768
1769
1770
1771
1772
1773
1775
1776
1777
1778
1779
1781
1782
1783
1785
1786
1787
1788
1789
1790
1791
1792
1794
1795
1796
1797
1798
1799
1802
1803
1804
1806
1807
1808
1809
1810
1811
1813
1814
1815
1817
1818
1820
1821
1822
1823
1824
1825
1826
1827
1828
1829
1831
1833
1834
1835
1836
1837
1838
1840
1841
1842
1843
1844
1845
1846
1848
1849
1850
1851
1852
1853
1854
1855
1858
1859
1860
1861
1862
1863
1864
1865
1866
1867
1869
1870
1884
1885
1886
1889
1891
1892
1893
1894
1895
1896
1897
1898
1900
1901
1902
1903
1904
1906
1908
1909
1910
1911
1912
1913
1914
1916
1918
1919
1920
1921
1951
1952
1961
1962
1963
1965
1966
1967
1969
1970
1971
1972
1973
1974
1975
1976
1977
1978
1979
1981
1982
1986
1987
1988
1990
1991
1992
1993
1994
1995
1996
1997
1998
1999
2000
2001
2002
2004
2005
2007
2008
2009
2010
2011
2012
2013
2014
2015
2017
2018
2019
2020
2021
2022
2023
2024
2025
2026
2027
2046
2047
2050
2051
2053
2054
2055
2056
2057
2058
2059
2060
2061
2062
2063
2064
2065
2067
2068
2069
2071
2072
2073
2074
2076
2077
2078
2079
2080
2083
2085
2086
2087
2088
2089
2090
2091
2092
2093
2096
2097
2098
2099
2101
2102
2103
2104
2106
2107
2108
2109
2110
2152
2153
2154
2155
2156
2157
2159
2160
2161
2162
2163
2164
2167
2168
2169
2170
2171
2172
2173
2174
2175
2176
2177
2178
2180
2181
2182
2186
2187
2188
2190
2191
2192
2193
2195
2196
2197
2198
2199
2226
2227
2228
2229
2230
2234
2238
2243
2244
2245
2246
2247
2248
2249
2250
2251
2252
2253
2254
2255
2256
2257
2258
2259
2260
2261
2263
2264
2265
2266
2267
2268
2269
2270
2271
2272
2274
2275
2276
2277
2278
2279
2280
2282
2283
2284
2285
2286
2287
2288
2289
2291
2293
2294
2295
2297
2300
2301
2302
2303
2304
2308
2309
2310
2311
2313
2314
2315
2316
2317
2318
2321
2322
2323
2325
2326
2327
2328
2329
2359
2360
2361
2362
2363
2364
2365
2366
2367
2368
2369
2370
2372
2373
2374
2375
2376
2378
2379
2381
2384
2385
2386
2387
2389
2390
2391
2392
2393
2394
2395
2396
2398
2399
2400
2401
2404
2405
2406
2408
2411
2412
2413
2414
2421
2423
2424
2425
2426
2427
2428
2429
2430
2431
2432
2433
2434
2436
2437
2438
2439
2440
2441
2442
2443
2445
2446
2448
2451
2452
2453
2454
2455
2456
2457
2458
2471
2473
2475
2477
2478
2479
2480
2481
2485
2487
2489
2490
2493
2494
2495
2497
2498
2499
2500
2502
2503
2504
2505
2506
2507
2508
2509
2510
2511
2512
2513
2514
2515
2516
2517
2518
2519
2520
2521
2523
2524
2525
2526
2527
2528
2529
2530
2531
2532
2534
2535
2537
2538
2540
2541
2543
2545
2546
2547
2548
2550
2552
2554
2555
2557
2559
2561
2562
2563
2564
2565
2566
2569
2570
2571
2572
2573
2575
2576
2577
2578
2581
2583
2584
2585
2586
2587
2588
2589
2590
2592
2593
2594
2595
2597
2598
2599
2600
2601
2603
2604
2606
2607
2608
2610
2611
2612
2613
2614
2615
2617
2621
2624
2625
2627
2628
2630
2631
2633
2634
2635
2638
2640
2645
2647
2648
2649
2650
2651
2654
2657
2663
2665
2666
2667
2668
2669
2670
2679
2680
2681
2683
2685
2686
2688
2689
2690
2691
2692
2693
2694
2695
2696
2697
2698
2699
2701
2702
2703
2704
2705
2707
2709
2711
2712
2714
2715
2716
2717
2718
2719
2721
2722
2723
2724
2726
2727
2728
2729
2730
2731
2732
2733
2735
2736
2737
2738
2739
2740
2744
2745
2746
2747
2748
2750
2751
2752
2753
2754
2755
2756
2757
2758
2760
2762
2763
2764
2765
2767
2768
2769
2770
2771
2772
2773
2774
2775
2776
2777
2778
2779
2780
2781
2782
2785
2786
2787
2788
2789
2790
2791
2793
2794
2795
2796
2797
2798
2799
2800
2801
2802
2803
2804
2805
2806
2807
2808
2809
2810
2811
2812
2813
2814
2815
2816
2817
2818
2819
2820
2821
2822
2823
2824
2825
2826
2827
2845
2846
2847
2848
2851
2852
2854
2855
2856
2857
2858
2859
2860
2861
2862
2863
2864
2865
2866
2867
2868
2893
2896
2897
2899
2900
2911
2912
2913
2914
2918
2919
2920
2922
2924
2925
2927
2928
2929
2931
2932
2933
2934
2935
2936
2937
2938
2939
2940
2941
2942
2943
2944
2945
2946
2947
2949
2950
2952
2953
2954
2955
2956
2957
2958
2959
2960
2961
2962
2965
2966
2967
2968
2969
2970
2971
2972
2973
2974
2976
2977
2978
2979
2980
2982
2983
2984
2985
2986
2987
2988
2989
2990
2991
2992
2993
2994
2995
2996
2998
3000
3001
3004
3005
3006
3007
3008
3010
3011
3012
3013
3014
3015
3016
3018
3020
3023
3024
3025
3026
3027
3028
3029
3030
3031
3033
3035
3036
3037
3040
3041
3042
3043
3044
3045
3046
3048
3049
3050
3052
3053
3081
3083
3084
3086
3087
3088
3089
3090
3091
3092
3093
3094
3095
3096
3097
3098
3099
3100
3102
3103
3104
3106
3107
3108
3109
3110
3111
3112
3113
3114
3118
3119
3121
3122
3123
3124
3125
3126
3127
3128
3129
3130
3131
3132
3133
3134
3135
3136
3137
3138
3139
3140
3141
3142
3144
3145
3146
3147
3148
3149
3150
3151
3152
3153
3155
3156
3157
3158
3159
3160
3162
3163
3164
3166
3167
3168
3169
3170
3181
3182
3183
3185
3186
3187
3189
3191
3192
3193
3194
3195
3196
3197
3198
3199
3200
3201
3202
3203
3204
3207
3208
3210
3211
3238
3239
3240
3242
3243
3244
3245
3321
3322
3323
3325
3326
3327
3328
3329
3330
3331
3332
3333
3334
3335
3336
3337
3338
3339
3340
3341
3342
3343
3344
3345
3346
3347
3348
3349
3350
3351
3352
3353
3355
3356
3357
3358
3359
3360
3361
3362
3363
3364
3365
3366
3367
3368
3369
3370
3371
3372
3373
3381
3382
3383
3384
3385
3386
3387
3388
3389
3531
3532
3533
3534
3536
3537
3538
3540
3558
3559
3560
3561
3562
3563
3564
3565
3566
3567
3571
3572
3573
3574
3577
3579
3580
3583
3584
3586
3587
3593
3595
3596
3597
3598
3599
3600
3601
3602
3603
3606
3607
3611
3613
3614
3615
3617
3618
3620
3621
3623
3624
3625
3626
3627
3628
3629
3630
3631
3632
3636
3637
3638
3639
3640
3642
3643
3644
3645
3646
3647
3652
3653
3654
3655
3656
3657
3658
3659
3660
3661
3662
3663
3664
3665
3666
3667
3669
3670
3671
3672
3673
3674
3676
3677
3678
3679
3680
3691
3692
3693
3694
3695
3696
3697
3698
3702
3703
3704
3705
3707
3708
3709
3710
3711
3712
3713
3714
3715
3716
3717
3721
3722
3724
3725
3726
3727
3729
3730
3732
3734
3740
3741
3742
3743
3744
3745
3747
3748
3750
3802
3804
3805
3807
3810
3812
3813
3814
3815
3817
3818
3819
3820
3821
3822
3823
3824
3825
3826
3827
3828
3829
3830
3831
3832
3833
3834
3836
3838
3839
3840
3871
3872
3875
3876
3877
3878
3879
3881
3884
3891
3892
3893
3896
3897
3900
3901
3902
3903
3904
3906
3909
3910
3911
3912
3913
3914
3915
3916
3917
3918
3919
3920
3921
3922
3923
3924
3925
3926
3927
3928
3929
3930
3931
3932
3933
3934
3935
3936
3937
3938
3939
3940
3941
3943
3944
3945
3946
3947
3948
3952
3953
3954
3955
3956
3957
3958
3959
3960
3961
3962
3963
3964
3965
3967
3968
3969
3971
3975
3976
3977
3978
3979
3980
3981
3982
3983
3985
3986
4042
4043
4044
4045
4047
4049
4052
4053
4054
4055
4056
4057
4058
4059
4060
4063
4064
4065
4066
4067
4068
4081
4084
4085
4086
4087
4088
4092
4093
4094
4097
4099
4100
4101
4105
4108
4109
4110
4111
4112
4113
4114
4115
4118
4151
4154
4157
4158
4159
4160
4177
4178
4179
4180
4181
4182
4185
4186
4187
4191
4192
4193
4194
4195
4196
4197
4198
4200
4201
4202
4203
4204
4206
4211
4212
4213
4214
4215
4217
4219
4220
4221
4222
4223
4224
4225
4226
4227
4228
4229
4230
4241
4242
4243
4245
4246
4247
4248
4249
4250
4251
4254
4256
4257
4258
4260
4261
4262
4263
4264
4265
4266
4267
4268
4269
4270
4272
4273
4275
4276
4278
4279
4280
4281
4282
4283
4284
4285
4286
4287
4289
4290
4291
4292
4293
4294
4295
4296
4297
4298
4301
4302
4303
4304
4305
4306
4307
4308
4309
4310
4311
4312
4313
4314
4315
4316
4318
4319
4320
4321
4323
4324
4325
4326
4327
4328
4329
4330
4333
4334
4335
4336
4337
4338
4339
4340
4341
4342
4343
4344
4347
4348
4349
4350
4351
4352
4353
4354
4356
4359
4361
4362
4363
4364
4366
4367
4368
4369
4370
4371
4372
4374
4376
4377
4379
4380
4381
4382
4385
4389
4391
4392
4394
4396
4397
4398
4400
4402
4403
4404
4405
4407
4408
4409
4410
4413
4414
4415
4416
4417
4418
4419
4420
4422
4423
4424
4426
4427
4428
4430
4431
4432
4433
4434
4435
4436
4437
4438
4439
4440
4441
4443
4444
4445
4446
4447
4451
4452
4453
4454
4455
4456
4458
4459
4461
4462
4463
4464
4466
4467
4468
4470
4473
4474
4475
4477
4478
4479
4480
4482
4483
4484
4485
4486
4487
4488
4489
4490
4491
4492
4493
4494
4495
4497
4498
4499
4501
4502
4503
4504
4505
4506
4507
4508
4509
4510
4511
4512
4513
4514
4515
4517
4519
4520
4521
4522
4532
4533
4534
4535
4536
4537
4538
4539
4540
4544
4546
4547
4548
4549
4550
4561
4562
4563
4564
4565
4566
4567
4569
4570
4592
4593
4594
4595
4596
4598
4599
4600
4601
4603
4604
4605
4606
4607
4608
4609
4610
4611
4612
4613
4614
4615
4617
4618
4620
4621
4622
4623
4624
4626
4627
4628
4646
4648
4649
4650
4651
4652
4653
4654
4655
4656
4657
4658
4659
4660
4661
4662
4664
4665
4666
4667
4668
4670
4681
4682
4683
4684
4685
4687
4688
4689
4690
4700
4701
4704
4705
4706
4707
4708
4709
4710
4711
4712
4713
4714
4715
4716
4719
4720
4722
4725
4726
4727
4728
4729
4730
4731
4732
4734
4736
4737
4738
4739
4740
4742
4743
4744
4745
4746
4747
4748
4749
4750
4751
4752
4754
4756
4757
4758
4759
4760
4761
4762
4763
4764
4765
4766
4767
4768
4771
4773
4774
4775
4776
4778
4780
4782
4783
4785
4786
4788
4790
4795
4796
4799
4800
4801
4802
4803
4804
4805
4806
4807
4808
4809
4810
13354
31437
